3  4  2  
5  8  4  
7  10  6  
9  10  10  
14  10  10  
18  10  10  
18  10  10  
19  10  10  
20  10  10  
20  10  10  
27  10  10  
30  10  10  
30  10  10  
30  10  10  
30  10  10  
30  10  10  
30  10  10  
30  10  10  
30  10  11  
30  10  11  
30  10  12  
30  10  13  
30  10  17  
30  10  18  
30  10  19  
31  10  20  
31  10  21  
32  10  22  
33  10  24  
36  10  30  
38  10  33  
39  10  37  
40  10  40  
40  10  46  
40  10  49  
40  10  50  
40  10  51  
40  10  52  
40  10  54  
40  10  59  
40  10  59  
40  10  61  
40  10  63  
44  10  66  
46  10  73  
49  10  73  
51  10  76  
56  10  82  
57  10  95  
58  10  107  
59  10  116  
60  10  121  
60  10  124  
63  10  129  
64  10  132  
66  10  137  
70  10  141  
76  10  141  
79  10  143  
81  10  146  
84  10  157  
87  10  162  
100  10  171  
113  10  181  
123  10  196  
129  10  219  
132  10  228  
134  10  236  
138  10  242  
138  10  247  
141  10  247  
141  10  253  
145  10  259  
148  10  270  
152  10  284  
157  10  295  
167  10  310  
179  10  321  
189  10  335  
196  10  346  
205  10  359  
214  10  373  
220  10  388  
227  10  396  
234  10  410  
243  10  418  
256  10  428  
272  11  434  
284  12  446  
298  16  465  
313  19  483  
324  19  498  
339  20  514  
354  20  536  
377  20  544  
393  20  550  
402  20  557  
410  20  566  
421  24  583  
431  24  593  
441  28  600  
447  28  606  
458  34  610  
484  38  617  
505  39  634  
534  40  654  
565  40  671  
592  40  682  
615  41  690  
632  41  712  
648  41  716  
666  46  725  
681  49  736  
706  49  748  
717  49  756  
735  55  764  
746  60  775  
759  64  785  
769  64  794  
775  67  799  
780  71  808  
788  71  816  
801  76  820  
814  78  824  
821  80  829  
827  82  846  
833  83  859  
844  88  870  
854  89  888  
856  93  896  
864  96  905  
868  101  912  
872  106  917  
879  124  923  
900  132  931  
907  143  936  
913  156  940  
926  166  942  
930  173  943  
936  180  949  
939  194  954  
939  206  960  
942  220  961  
942  227  962  
944  232  963  
949  240  968  
953  244  972  
957  249  978  
958  255  984  
961  262  990  
961  274  990  
961  291  990  
961  310  990  
961  326  990  
961  338  990  
961  348  990  
961  356  990  
961  362  990  
961  366  990  
961  376  990  
961  391  990  
961  400  990  
961  409  990  
962  421  990  
966  434  990  
970  446  990  
971  463  990  
971  473  990  
971  485  990  
971  492  990  
971  504  990  
971  516  990  
971  526  990  
972  541  990  
972  553  990  
973  565  990  
975  573  990  
977  589  990  
979  605  990  
979  624  990  
981  642  990  
981  658  990  
981  669  990  
981  682  990  
981  692  990  
981  704  990  
981  721  990  
981  736  990  
981  756  990  
981  770  990  
981  777  990  
981  789  990  
981  804  990  
981  812  990  
981  824  990  
981  831  990  
981  842  990  
981  854  991  
981  873  992  
981  887  996  
981  901  997  
981  905  998  
981  913  999  
981  917  1000  
982  921  1000  
983  927  1000  
986  935  1000  
990  939  1000  
991  940  1000  
991  940  1000  
991  940  1000  
991  940  1000  
991  940  1000  
991  940  1000  
991  940  1000  
991  940  1000  
991  940  1000  
991  940  1000  
992  940  1000  
993  942  1000  
995  944  1000  
996  947  1000  
998  950  1000  
999  950  1000  
999  954  1000  
1000  958  1000  
1000  959  1000  
1000  960  1000  
1001  962  1000  
1001  966  1000  
1001  970  1000  
1001  973  1000  
1001  975  1000  
1001  976  1000  
1001  977  1000  
1001  977  1000  
1001  978  1000  
1001  979  1000  
1001  979  1000  
1001  981  1000  
1001  982  1000  
1001  986  1000  
1001  989  1000  
1001  990  1000  
1001  990  1000  
1001  990  1000  
1001  990  1000  
1001  990  1000  
1001  990  1000  
1001  993  1000  
1001  998  1000  
1001  1000  1000  
1001  1000  1000  
1001  1000  1000  
1001  1000  1000  
1001  1000  1000  
1001  1000  1000  
1001  1000  1000  
1001  1000  1000  
1001  1000  1000  
1001  1000  1000  
1001  1000  1000  
1001  1000  1000  
1001  1000  1000  
1001  1000  1000  
1001  1000  1000  
1001  1000  1000  
1001  1000  1000  
1001  1000  1000  
1001  1000  1000  
1001  1000  1000  
1001  1000  1000  
1001  1000  1000  
1001  1000  1000  
1001  1000  1000  
1001  1000  1000  
1001  1000  1000  
1001  1000  1000  
1001  1000  1000  
1001  1000  1000  
1001  1000  1000  
1001  1000  1000  
1001  1000  1000  
1001  1000  1000  
1001  1000  1000  
1001  1000  1000  
1001  1000  1000  
1001  1000  1000  
1001  1000  1000  
1001  1000  1000  
1001  1000  1000  
1001  1000  1000  
1001  1000  1000  
1001  1000  1000  
1001  1000  1000  
1001  1000  1000  
1001  1000  1000  
1001  1000  1000  
1001  1000  1000  
1001  1000  1000  
1001  1000  1000  
1001  1000  1000  
1001  1000  1000  
1001  1000  1000  
1001  1000  1000  
1001  1000  1000  
1001  1000  1000  
1001  1000  1000  
1001  1000  1000  
1001  1000  1000  
1001  1000  1000  
1001  1000  1000  
1001  1000  1000  
1001  1000  1000  
1001  1000  1000  
1001  1000  1000  
1001  1000  1000  
1001  1000  1000  
1001  1000  1000  
1001  1000  1000  
1001  1000  1000  
1001  1000  1000  
1001  1000  1000  
1001  1000  1000  
1001  1000  1000  
1001  1000  1000  
1001  1000  1000  
1001  1000  1000  
1001  1000  1000  
1001  1000  1000  
1001  1000  1000  
1001  1000  1000  
1001  1000  1000  
1001  1000  1000  
1001  1000  1000  
1001  1000  1000  
1001  1000  1000  
1001  1000  1000  
1001  1000  1000  
1001  1000  1000  
1001  1000  1000  
1001  1000  1000  
1001  1000  1000  
1001  1000  1000  
1001  1000  1000  
1001  1000  1000  
1001  1000  1000  
1001  1000  1000  
1001  1000  1000  
1001  1000  1000  
1001  1000  1000  
1001  1000  1000  
1001  1000  1000  
1001  1000  1000  
1001  1000  1000  
1001  1000  1000  
1001  1000  1000  
1001  1000  1000  
1001  1000  1000  
1001  1000  1000  
1001  1000  1000  
1001  1000  1000  
1001  1000  1000  
1001  1000  1000  
1001  1000  1000  
1001  1000  1000  
1001  1000  1000  
1001  1000  1000  
1001  1000  1000  
1001  1000  1000  
1001  1000  1000  
1001  1000  1000  
1001  1000  1000  
1001  1000  1000  
1001  1000  1000  
1001  1000  1000  
1001  1000  1000  
1001  1000  1000  
1001  1000  1000  
1001  1000  1000  
1001  1000  1000  
1001  1000  1000  
1001  1000  1000  
1001  1000  1000  
1001  1000  1000  
1001  1000  1000  
1001  1000  1000  
1001  1000  1000  
1001  1000  1000  
1001  1000  1000  
1001  1000  1000  
1001  1000  1000  
1001  1000  1000  
1001  1000  1000  
1001  1000  1000  
1001  1000  1000  
1001  1000  1000  
1001  1000  1000  
1001  1000  1000  
1001  1000  1000  
1001  1000  1000  
1001  1000  1000  
1001  1000  1000  
1001  1000  1000  
1001  1000  1000  
1001  1000  1000  
1001  1000  1000  
1001  1000  1000  
1001  1000  1000  
1001  1000  1000  
1001  1000  1000  
1001  1000  1000  
1001  1000  1000  
1001  1000  1000  
1001  1000  1000  
1001  1000  1000  
1001  1000  1000  
1001  1000  1000  
1001  1000  1000  
1001  1000  1000  
1001  1000  1000  
1001  1000  1000  
1001  1000  1000  
1001  1000  1000  
1001  1000  1000  
1001  1000  1000  
1001  1000  1000  
1001  1000  1000  
1001  1000  1000  
1001  1000  1000  
1001  1000  1000  
1001  1000  1000  
1001  1000  1000  
1001  1000  1000  
1001  1000  1000  
1001  1000  1000  
1001  1000  1000  
1001  1000  1000  
1001  1000  1000  
1001  1000  1000  
1001  1000  1000  
1001  1000  1000  
1001  1000  1000  
1001  1000  1000  
1001  1000  1000  
1001  1000  1000  
1001  1000  1000  
1001  1000  1000  
1001  1000  1000  
1001  1000  1000  
1001  1000  1000  
1001  1000  1000  
1001  1000  1000  
1001  1000  1000  
1001  1000  1000  
1001  1000  1000  
1001  1000  1000  
1001  1000  1000  
1001  1000  1000  
1001  1000  1000  
1001  1000  1000  
1001  1000  1000  
1001  1000  1000  
1001  1000  1000  
1001  1000  1000  
1001  1000  1000  
1001  1000  1000  
1001  1000  1000  
1001  1000  1000  
1001  1000  1000  
1001  1000  1000  
1001  1000  1000  
1001  1000  1000  
1001  1000  1000  
1001  1000  1000  
1001  1000  1000  
1001  1000  1000  
1001  1000  1000  
1001  1000  1000  
1001  1000  1000  
1001  1000  1000  
1001  1000  1000  
1001  1000  1000  
1001  1000  1000  
1001  1000  1000  
1001  1000  1000  
1001  1000  1000  
1001  1000  1000  
1001  1000  1000  
1001  1000  1000  
1001  1000  1000  
1001  1000  1000  
1001  1000  1000  
1001  1000  1000  
1001  1000  1000  
1001  1000  1000  
1001  1000  1000  
1001  1000  1000  
1001  1000  1000  
1001  1000  1000  
1001  1000  1000  
1001  1000  1000  
1001  1000  1000  
1001  1000  1000  
1001  1000  1000  
1001  1000  1000  
1001  1000  1000  
1001  1000  1000  
1001  1000  1000  
1001  1000  1000  
1001  1000  1000  
1001  1000  1000  
1001  1000  1000  
1001  1000  1000  
1001  1000  1000  
1001  1000  1000  
1001  1000  1000  
1001  1000  1000  
1001  1000  1000  
1001  1000  1000  
1001  1000  1000  
1001  1000  1000  
1001  1000  1000  
1001  1000  1000  
1001  1000  1000  
1001  1000  1000  
1001  1000  1000  
1001  1000  1000  
1001  1000  1000  
1001  1000  1000  
1001  1000  1000  
1001  1000  1000  
1001  1000  1000  
1001  1000  1000  
1001  1000  1000  
1001  1000  1000  
1001  1000  1000  
1001  1000  1000  
1001  1000  1000  
1001  1000  1000  
1001  1000  1000  
1001  1000  1000  
1001  1000  1000  
1001  1000  1000  
1001  1000  1000  
1001  1000  1000  
1001  1000  1000  
1001  1000  1000  
1001  1000  1000  
1001  1000  1000  
1001  1000  1000  
1001  1000  1000  
1001  1000  1000  
1001  1000  1000  
1001  1000  1000  
1001  1000  1000  
1001  1000  1000  
1001  1000  1000  
1001  1000  1000  
1001  1000  1000  
1001  1000  1000  
1001  1000  1000  
1001  1000  1000  
1001  1000  1000  
1001  1000  1000  
1001  1000  1000  
1001  1000  1000  
1001  1000  1000  
1001  1000  1000  
1001  1000  1000  
1001  1000  1000  
1001  1000  1000  
1001  1000  1000  
1001  1000  1000  
1001  1000  1000  
1001  1000  1000  
1001  1000  1000  
1001  1000  1000  
1001  1000  1000  
1001  1000  1000  
1001  1000  1000  
1001  1000  1000  
1001  1000  1000  
1001  1000  1000  
1001  1000  1000  
1001  1000  1000  
1001  1000  1000  
1001  1000  1000  
1001  1000  1000  
1001  1000  1000  
1001  1000  1000  
1001  1000  1000  
1001  1000  1000  
1001  1000  1000  
1001  1000  1000  
1001  1000  1000  
1001  1000  1000  
1001  1000  1000  
1001  1000  1000  
1001  1000  1000  
1001  1000  1000  
1001  1000  1000  
1001  1000  1000  
1001  1000  1000  
1001  1000  1000  
1001  1000  1000  
1001  1000  1000  
1001  1000  1000  
1001  1000  1000  
1001  1000  1000  
1001  1000  1000  
1001  1000  1000  
1001  1000  1000  
1001  1000  1000  
1001  1000  1000  
1001  1000  1000  
1001  1000  1000  
1001  1000  1000  
1001  1000  1000  
1001  1000  1000  
1001  1000  1000  
1001  1000  1000  
1001  1000  1000  
1001  1000  1000  
1001  1000  1000  
1001  1000  1000  
1001  1000  1000  
1001  1000  1000  
1001  1000  1000  
1001  1000  1000  
1001  1000  1000  
1001  1000  1000  
1001  1000  1000  
1001  1000  1000  
1001  1000  1000  
1001  1000  1000  
1001  1000  1000  
1001  1000  1000  
1001  1000  1000  
1001  1000  1000  
1001  1000  1000  
1001  1000  1000  
1001  1000  1000  
1001  1000  1000  
1001  1000  1000  
1001  1000  1000  
1001  1000  1000  
1001  1000  1000  
1001  1000  1000  
1001  1000  1000  
1001  1000  1000  
1001  1000  1000  
1001  1000  1000  
1001  1000  1000  
1001  1000  1000  
1001  1000  1000  
1001  1000  1000  
1001  1000  1000  
1001  1000  1000  
1001  1000  1000  
1001  1000  1000  
1001  1000  1000  
1001  1000  1000  
1001  1000  1000  
1001  1000  1000  
1001  1000  1000  
1001  1000  1000  
1001  1000  1000  
1001  1000  1000  
1001  1000  1000  
1001  1000  1000  
1001  1000  1000  
1001  1000  1000  
1001  1000  1000  
1001  1000  1000  
1001  1000  1000  
1001  1000  1000  
1001  1000  1000  
1001  1000  1000  
1001  1000  1000  
1001  1000  1000  
1001  1000  1000  
1001  1000  1000  
1001  1000  1000  
1001  1000  1000  
1001  1000  1000  
1001  1000  1000  
1001  1000  1000  
1001  1000  1000  
1001  1000  1000  
1001  1000  1000  
1001  1000  1000  
1001  1000  1000  
1001  1000  1000  
1001  1000  1000  
1001  1000  1000  
1001  1000  1000  
1001  1000  1000  
1001  1000  1000  
1001  1000  1000  
1001  1000  1000  
1001  1000  1000  
1001  1000  1000  
1001  1000  1000  
1001  1000  1000  
1001  1000  1000  
1001  1000  1000  
1001  1000  1000  
1001  1000  1000  
1001  1000  1000  
1001  1000  1000  
1001  1000  1000  
1001  1000  1000  
1001  1000  1000  
1001  1000  1000  
1001  1000  1000  
1001  1000  1000  
1001  1000  1000  
1001  1000  1000  
1001  1000  1000  
1001  1000  1000  
1001  1000  1000  
1001  1000  1000  
1001  1000  1000  
1001  1000  1000  
1001  1000  1000  
1001  1000  1000  
1001  1000  1000  
1001  1000  1000  
1001  1000  1000  
1001  1000  1000  
1001  1000  1000  
1001  1000  1000  
1001  1000  1000  
1001  1000  1000  
1001  1000  1000  
1001  1000  1000  
1001  1000  1000  
1001  1000  1000  
1001  1000  1000  
1001  1000  1000  
1001  1000  1000  
1001  1000  1000  
1001  1000  1000  
1001  1000  1000  
1001  1000  1000  
1001  1000  1000  
1001  1000  1000  
1001  1000  1000  
1001  1000  1000  
1001  1000  1000  
1001  1000  1000  
1001  1000  1000  
1001  1000  1000  
1001  1000  1000  
1001  1000  1000  
1001  1000  1000  
1001  1000  1000  
1001  1000  1000  
1001  1000  1000  
1001  1000  1000  
1001  1000  1000  
1001  1000  1000  
1001  1000  1000  
1001  1000  1000  
1001  1000  1000  
1001  1000  1000  
1001  1000  1000  
1001  1000  1000  
1001  1000  1000  
1001  1000  1000  
1001  1000  1000  
1001  1000  1000  
1001  1000  1000  
1001  1000  1000  
1001  1000  1000  
1001  1000  1000  
1001  1000  1000  
1001  1000  1000  
1001  1000  1000  
1001  1000  1000  
1001  1000  1000  
1001  1000  1000  
1001  1000  1000  
1001  1000  1000  
1001  1000  1000  
1001  1000  1000  
1001  1000  1000  
1001  1000  1000  
1001  1000  1000  
1001  1000  1000  
1001  1000  1000  
1001  1000  1000  
1001  1000  1000  
1001  1000  1000  
1001  1000  1000  
1001  1000  1000  
1001  1000  1000  
1001  1000  1000  
1001  1000  1000  
1001  1000  1000  
1001  1000  1000  
1001  1000  1000  
1001  1000  1000  
1001  1000  1000  
1001  1000  1000  
1001  1000  1000  
1001  1000  1000  
1001  1000  1000  
1001  1000  1000  
1001  1000  1000  
1001  1000  1000  
1001  1000  1000  
1001  1000  1000  
1001  1000  1000  
1001  1000  1000  
1001  1000  1000  
1001  1000  1000  
1001  1000  1000  
1001  1000  1000  
1001  1000  1000  
1001  1000  1000  
1001  1000  1000  
1001  1000  1000  
1001  1000  1000  
1001  1000  1000  
1001  1000  1000  
1001  1000  1000  
1001  1000  1000  
1001  1000  1000  
1001  1000  1000  
1001  1000  1000  
1001  1000  1000  
1001  1000  1000  
1001  1000  1000  
1001  1000  1000  
1001  1000  1000  
1001  1000  1000  
1001  1000  1000  
1001  1000  1000  
1001  1000  1000  
1001  1000  1000  
1001  1000  1000  
1001  1000  1000  
1001  1000  1000  
1001  1000  1000  
1001  1000  1000  
1001  1000  1000  
1001  1000  1000  
1001  1000  1000  
1001  1000  1000  
1001  1000  1000  
1001  1000  1000  
1001  1000  1000  
1001  1000  1000  
1001  1000  1000  
1001  1000  1000  
1001  1000  1000  
1001  1000  1000  
1001  1000  1000  
1001  1000  1000  
1001  1000  1000  
1001  1000  1000  
1001  1000  1000  
1001  1000  1000  
1001  1000  1000  
1001  1000  1000  
1001  1000  1000  
1001  1000  1000  
1001  1000  1000  
1001  1000  1000  
1001  1000  1000  
1001  1000  1000  
1001  1000  1000  
1001  1000  1000  
1001  1000  1000  
1001  1000  1000  
1001  1000  1000  
1001  1000  1000  
1001  1000  1000  
1001  1000  1000  
1001  1000  1000  
1001  1000  1000  
1001  1000  1000  
1001  1000  1000  
1001  1000  1000  
1001  1000  1000  
1001  1000  1000  
1001  1000  1000  
1001  1000  1000  
1001  1000  1000  
1001  1000  1000  
1001  1000  1000  
1001  1000  1000  
1001  1000  1000  
1001  1000  1000  
1001  1000  1000  
1001  1000  1000  
1001  1000  1000  
1001  1000  1000  
1001  1000  1000  
1001  1000  1000  
1001  1000  1000  
1001  1000  1000  
1001  1000  1000  
1001  1000  1000  
1001  1000  1000  
1001  1000  1000  
1001  1000  1000  
1001  1000  1000  
1001  1000  1000  
1001  1000  1000  
1001  1000  1000  
1001  1000  1000  
1001  1000  1000  
1001  1000  1000  
1001  1000  1000  
1001  1000  1000  
1001  1000  1000  
1001  1000  1000  
1001  1000  1000  
1001  1000  1000  
1001  1000  1000  
1001  1000  1000  
1001  1000  1000  
1001  1000  1000  
1001  1000  1000  
1001  1000  1000  
1001  1000  1000  
1001  1000  1000  
1001  1000  1000  
1001  1000  1000  
1001  1000  1000  
1001  1000  1000  
1001  1000  1000  
1001  1000  1000  
1001  1000  1000  
1001  1000  1000  
1001  1000  1000  
1001  1000  1000  
1001  1000  1000  
1001  1000  1000  
1001  1000  1000  
1001  1000  1000  
1001  1000  1000  
1001  1000  1000  
1001  1000  1000  
1001  1000  1000  
1001  1000  1000  
1001  1000  1000  
1001  1000  1000  
1001  1000  1000  
1001  1000  1000  
1001  1000  1000  
1001  1000  1000  
1001  1000  1000  
1001  1000  1000  
1001  1000  1000  
1001  1000  1000  
1001  1000  1000  
1001  1000  1000  
1001  1000  1000  
1001  1000  1000  
1001  1000  1000  
1001  1000  1000  
1001  1000  1000  
1001  1000  1000  
1001  1000  1000  
1001  1000  1000  
1001  1000  1000  
1001  1000  1000  
1001  1000  1000  
1001  1000  1000  
1001  1000  1000  
1001  1000  1000  
1001  1000  1000  
1001  1000  1000  
1001  1000  1000  
1001  1000  1000  
1001  1000  1000  
1001  1000  1000  
1001  1000  1000  
1001  1000  1000  
1001  1000  1000  
1001  1000  1000  
1001  1000  1000  
1001  1000  1000  
1001  1000  1000  
1001  1000  1000  
1001  1000  1000  
1001  1000  1000  
1001  1000  1000  
1001  1000  1000  
1001  1000  1000  
1001  1000  1000  
1001  1000  1000  
1001  1000  1000  
1001  1000  1000  
1001  1000  1000  
1001  1000  1000  
1001  1000  1000  
1001  1000  1000  
1001  1000  1000  
1001  1000  1000  
1001  1000  1000  
1001  1000  1000  
1001  1000  1000  
1001  1000  1000  
1001  1000  1000  
1001  1000  1000  
1001  1000  1000  
1001  1000  1000  
1001  1000  1000  
1001  1000  1000  
1001  1000  1000  
1001  1000  1000  
1001  1000  1000  
1001  1000  1000  
1001  1000  1000  
1001  1000  1000  
1001  1000  1000  
1001  1000  1000  
1001  1000  1000  
1001  1000  1000  
1001  1000  1000  
1001  1000  1000  
1001  1000  1000  
1001  1000  1000  
1001  1000  1000  
1001  1000  1000  
1001  1000  1000  
1001  1000  1000  
1001  1000  1000  
1001  1000  1000  
1001  1000  1000  
1001  1000  1000  
1001  1000  1000  
1001  1000  1000  
1001  1000  1000  
1001  1000  1000  
1001  1000  1000  
1001  1000  1000  
1001  1000  1000  
1001  1000  1000  
1001  1000  1000  
1001  1000  1000  
1001  1000  1000  
1001  1000  1000  
1001  1000  1000  
1001  1000  1000  
1001  1000  1000  
1001  1000  1000  
1001  1000  1000  
1001  1000  1000  
1001  1000  1000  
1001  1000  1000  
1001  1000  1000  
1001  1000  1000  
1001  1000  1000  
1001  1000  1000  
1001  1000  1000  
1001  1000  1000  
1001  1000  1000  
1001  1000  1000  
1001  1000  1000  
1001  1000  1000  
1001  1000  1000  
1001  1000  1000  
1001  1000  1000  
1001  1000  1000  
1001  1000  1000  
1001  1000  1000  
1001  1000  1000  
1001  1000  1000  
1001  1000  1000  
1001  1000  1000  
1001  1000  1000  
1001  1000  1000  
1001  1000  1000  
1001  1000  1000  
1001  1000  1000  
1001  1000  1000  
1001  1000  1000  
1001  1000  1000  
1001  1000  1000  
1001  1000  1000  
1001  1000  1000  
1001  1000  1000  
1001  1000  1000  
1001  1000  1000  
1001  1000  1000  
1001  1000  1000  
1001  1000  1000  
1001  1000  1000  
1001  1000  1000  
1001  1000  1000  
1001  1000  1000  
1001  1000  1000  
1001  1000  1000  
1001  1000  1000  
1001  1000  1000  
1001  1000  1000  
1001  1000  1000  
1001  1000  1000  
1001  1000  1000  
1001  1000  1000  
1001  1000  1000  
1001  1000  1000  
1001  1000  1000  
1001  1000  1000  
1001  1000  1000  
1001  1000  1000  
1001  1000  1000  
1001  1000  1000  
1001  1000  1000  
1001  1000  1000  
1001  1000  1000  
1001  1000  1000  
1001  1000  1000  
1001  1000  1000  
1001  1000  1000  
1001  1000  1000  
1001  1000  1000  
1001  1000  1000  
1001  1000  1000  
1001  1000  1000  
1001  1000  1000  
1001  1000  1000  
1001  1000  1000  
1001  1000  1000  
1001  1000  1000  
1001  1000  1000  
1001  1000  1000  
1001  1000  1000  
1001  1000  1000  
1001  1000  1000  
1001  1000  1000  
1001  1000  1000  
1001  1000  1000  
1001  1000  1000  
1001  1000  1000  
1001  1000  1000  
1001  1000  1000  
1001  1000  1000  
1001  1000  1000  
1001  1000  1000  
1001  1000  1000  
1001  1000  1000  
1001  1000  1000  
1001  1000  1000  
1001  1000  1000  
1001  1000  1000  
1001  1000  1000  
1001  1000  1000  
1001  1000  1000  
1001  1000  1000  
1001  1000  1000  
1001  1000  1000  
1001  1000  1000  
1001  1000  1000  
1001  1000  1000  
1001  1000  1000  
1001  1000  1000  
1001  1000  1000  
1001  1000  1000  
1001  1000  1000  
1001  1000  1000  
1001  1000  1000  
1001  1000  1000  
1001  1000  1000  
1001  1000  1000  
1001  1000  1000  
1001  1000  1000  
1001  1000  1000  
1001  1000  1000  
1001  1000  1000  
1001  1000  1000  
1001  1000  1000  
1001  1000  1000  
1001  1000  1000  
1001  1000  1000  
1001  1000  1000  
1001  1000  1000  
1001  1000  1000  
1001  1000  1000  
1001  1000  1000  
1001  1000  1000  
1001  1000  1000  
1001  1000  1000  
1001  1000  1000  
1001  1000  1000  
1001  1000  1000  
1001  1000  1000  
1001  1000  1000  
1001  1000  1000  
1001  1000  1000  
1001  1000  1000  
1001  1000  1000  
1001  1000  1000  
1001  1000  1000  
