2  1  1  
2  2  1  
2  2  1  
2  2  1  
2  2  1  
2  2  1  
2  2  1  
2  2  1  
2  2  1  
2  2  1  
2  2  1  
2  2  1  
2  2  2  
3  2  2  
3  2  2  
3  2  2  
3  2  2  
3  2  2  
3  2  2  
3  2  2  
3  2  3  
3  2  3  
3  3  3  
3  3  3  
3  3  3  
3  3  3  
3  4  3  
3  4  4  
4  4  5  
4  4  5  
5  4  5  
5  4  5  
5  4  5  
5  4  5  
5  4  5  
5  4  6  
5  5  6  
5  5  6  
5  5  7  
5  5  7  
5  5  7  
5  5  8  
5  5  8  
6  5  8  
6  5  8  
6  5  8  
6  5  8  
6  5  8  
6  5  8  
7  5  8  
7  5  8  
7  6  8  
7  6  9  
7  6  9  
7  6  10  
8  6  10  
8  7  10  
8  7  10  
8  7  10  
8  7  11  
8  7  11  
10  7  11  
10  8  11  
10  8  11  
10  8  12  
10  8  13  
11  8  13  
11  8  14  
12  8  14  
13  8  14  
13  8  14  
13  8  14  
14  8  14  
14  8  14  
14  9  14  
14  9  14  
14  9  14  
14  10  16  
14  10  19  
15  10  20  
15  10  23  
15  10  24  
16  10  24  
16  11  24  
16  13  24  
16  14  25  
19  14  25  
21  15  25  
21  15  25  
21  16  25  
22  16  26  
22  16  26  
22  16  28  
23  16  31  
23  17  31  
24  18  31  
25  18  32  
25  19  35  
26  20  35  
26  20  37  
26  20  39  
27  21  41  
27  22  41  
27  26  42  
28  27  43  
29  27  44  
29  28  44  
29  29  45  
31  29  45  
31  29  45  
32  31  46  
32  31  46  
32  33  48  
34  34  50  
34  36  52  
36  37  54  
38  37  54  
38  38  55  
38  38  56  
39  39  57  
41  40  60  
41  42  61  
41  43  62  
42  45  65  
43  45  68  
44  49  69  
44  51  71  
46  54  72  
48  55  75  
49  56  77  
54  57  83  
55  58  89  
55  61  89  
58  62  95  
58  63  98  
61  63  104  
64  66  106  
67  68  107  
70  69  108  
75  71  111  
77  73  115  
77  74  115  
78  76  120  
78  80  121  
80  82  121  
82  83  124  
84  85  129  
84  88  132  
84  92  138  
90  96  144  
93  97  150  
94  102  154  
99  104  158  
103  107  163  
103  110  166  
108  111  167  
111  112  171  
116  113  174  
116  118  178  
119  122  183  
123  125  187  
127  130  190  
130  132  196  
131  135  200  
133  139  202  
138  142  208  
142  144  209  
146  147  214  
148  154  219  
152  160  225  
154  165  232  
157  170  235  
159  175  243  
162  179  247  
167  183  252  
169  186  259  
172  190  263  
176  193  268  
178  196  274  
184  206  278  
188  210  285  
196  213  292  
196  218  303  
200  220  307  
206  224  314  
207  226  319  
212  234  321  
219  242  328  
228  249  333  
232  252  341  
235  258  348  
239  266  356  
244  274  365  
248  281  374  
254  289  380  
257  294  388  
267  303  396  
274  309  400  
283  313  404  
290  324  411  
300  327  415  
308  333  426  
319  336  432  
327  343  445  
331  351  454  
339  362  465  
348  370  474  
354  378  476  
363  389  483  
367  393  494  
371  399  501  
383  406  508  
390  420  516  
398  430  522  
403  439  531  
411  447  539  
418  463  550  
425  471  556  
433  480  563  
443  485  570  
448  495  577  
451  505  582  
461  513  590  
469  522  595  
479  529  600  
485  534  608  
493  536  616  
499  543  623  
504  554  632  
509  559  637  
515  564  643  
526  571  647  
539  576  655  
548  584  665  
559  591  671  
565  602  674  
571  608  678  
581  615  696  
584  630  702  
591  639  706  
597  647  716  
601  654  723  
606  659  730  
610  666  736  
617  673  744  
623  679  751  
635  688  755  
642  692  761  
649  699  766  
658  704  772  
664  716  775  
670  722  783  
679  727  787  
688  732  794  
694  738  799  
702  743  803  
708  747  806  
715  756  809  
724  763  813  
727  771  818  
733  777  822  
735  781  824  
744  787  830  
750  789  833  
754  793  835  
763  797  840  
772  803  842  
775  805  846  
779  808  847  
784  810  855  
788  818  859  
793  822  862  
797  827  866  
800  832  868  
808  836  871  
812  840  881  
816  846  883  
818  849  886  
821  851  889  
825  854  894  
827  854  896  
833  855  898  
839  861  898  
845  864  903  
849  870  904  
851  873  906  
856  878  906  
858  879  908  
860  882  908  
866  888  909  
869  891  910  
871  893  915  
875  896  918  
880  899  921  
882  901  928  
885  905  930  
890  906  931  
891  909  932  
894  909  933  
896  913  933  
899  916  933  
902  922  938  
904  925  940  
905  925  942  
908  926  943  
909  928  944  
909  930  947  
913  931  947  
914  931  950  
920  933  950  
923  934  950  
924  936  950  
926  938  951  
928  939  952  
928  942  954  
932  942  954  
933  945  957  
933  945  958  
936  947  960  
938  948  961  
938  949  961  
939  949  963  
940  949  965  
942  949  965  
942  951  965  
943  952  965  
948  954  965  
950  956  966  
951  959  967  
953  959  967  
953  960  969  
956  962  970  
957  963  971  
957  963  972  
958  964  972  
959  965  974  
960  965  976  
961  965  976  
961  966  977  
961  968  977  
963  970  977  
964  970  977  
965  972  978  
965  972  980  
965  974  981  
966  974  981  
966  975  981  
967  975  981  
970  975  982  
970  976  983  
970  976  983  
970  978  985  
972  978  985  
974  980  986  
975  980  987  
976  981  987  
976  981  987  
976  982  988  
977  983  988  
978  983  988  
978  983  988  
979  983  988  
980  983  989  
980  983  989  
981  983  990  
981  985  990  
981  986  991  
982  986  991  
983  986  992  
983  986  992  
983  986  992  
983  986  992  
984  986  992  
986  986  992  
988  987  992  
988  988  993  
988  988  993  
989  989  993  
989  990  993  
989  990  993  
991  990  993  
991  990  993  
991  990  993  
991  990  993  
991  990  994  
991  990  995  
991  990  995  
991  990  995  
992  991  995  
992  991  995  
992  993  996  
992  993  996  
992  994  996  
992  994  996  
992  994  996  
992  994  996  
992  994  998  
992  994  998  
992  994  998  
992  994  998  
992  994  998  
992  994  999  
992  994  999  
992  995  999  
993  995  999  
993  995  999  
993  995  999  
993  995  999  
993  995  999  
993  995  999  
993  995  999  
993  995  999  
993  995  999  
993  995  999  
993  995  999  
993  995  999  
993  995  999  
993  996  999  
993  996  999  
994  996  999  
994  996  999  
994  996  999  
994  996  999  
994  996  999  
997  996  999  
997  996  1000  
997  996  1000  
997  996  1000  
997  997  1000  
997  997  1000  
998  997  1000  
998  998  1000  
998  998  1000  
998  998  1000  
998  998  1000  
998  998  1000  
998  998  1000  
998  998  1000  
998  998  1000  
998  998  1000  
999  998  1000  
999  998  1000  
999  998  1000  
999  998  1000  
999  998  1000  
999  998  1000  
999  998  1000  
999  998  1000  
999  998  1000  
1000  998  1000  
1000  998  1000  
1000  998  1000  
1000  998  1000  
1000  998  1000  
1000  998  1000  
1000  998  1000  
1000  998  1000  
1000  998  1000  
1000  998  1000  
1000  999  1000  
1000  999  1000  
1000  999  1000  
1000  999  1000  
1000  999  1000  
1000  999  1000  
1000  999  1000  
1000  999  1000  
1000  999  1000  
1000  999  1000  
1000  999  1000  
1000  999  1000  
1000  999  1000  
1000  999  1000  
1000  999  1000  
1000  999  1000  
1000  999  1000  
1000  999  1000  
1000  999  1000  
1000  999  1000  
1000  999  1000  
1000  999  1000  
1000  999  1000  
1000  999  1000  
1000  999  1000  
1000  999  1000  
1000  999  1000  
1000  999  1000  
1000  999  1000  
1000  999  1000  
1000  999  1000  
1000  999  1000  
1000  1000  1000  
1000  1000  1000  
1000  1000  1000  
1000  1000  1000  
1000  1000  1000  
1000  1000  1000  
1000  1000  1000  
1000  1000  1000  
1000  1000  1000  
1000  1000  1000  
1000  1000  1000  
1000  1000  1000  
1000  1000  1000  
1000  1000  1000  
1000  1000  1000  
1000  1000  1000  
1000  1000  1000  
1000  1000  1000  
1000  1000  1000  
1000  1000  1000  
1000  1000  1000  
1000  1000  1000  
1000  1000  1000  
1000  1000  1000  
1000  1000  1000  
1000  1000  1000  
1000  1000  1000  
1000  1000  1000  
1000  1000  1000  
1000  1000  1000  
1000  1000  1000  
1000  1000  1000  
1000  1000  1000  
1000  1000  1000  
1000  1000  1000  
1000  1000  1000  
1000  1000  1000  
1000  1000  1000  
1000  1000  1000  
1000  1000  1000  
1000  1000  1000  
1000  1000  1000  
1000  1000  1000  
1000  1000  1000  
1000  1000  1000  
1000  1000  1000  
1000  1000  1000  
1000  1000  1000  
1000  1000  1000  
1000  1000  1000  
1000  1000  1000  
1000  1000  1000  
1000  1000  1000  
1000  1000  1000  
1000  1000  1000  
1000  1000  1000  
1000  1000  1000  
1000  1000  1000  
1000  1000  1000  
1000  1000  1000  
1000  1000  1000  
1000  1000  1000  
1000  1000  1000  
1000  1000  1000  
1000  1000  1000  
1000  1000  1000  
1000  1000  1000  
1000  1000  1000  
1000  1000  1000  
1000  1000  1000  
1000  1000  1000  
1000  1000  1000  
1000  1000  1000  
1000  1000  1000  
1000  1000  1000  
1000  1000  1000  
1000  1000  1000  
1000  1000  1000  
1000  1000  1000  
1000  1000  1000  
1000  1000  1000  
1000  1000  1000  
1000  1000  1000  
1000  1000  1000  
1000  1000  1000  
1000  1000  1000  
1000  1000  1000  
1000  1000  1000  
1000  1000  1000  
1000  1000  1000  
1000  1000  1000  
1000  1000  1000  
1000  1000  1000  
1000  1000  1000  
1000  1000  1000  
1000  1000  1000  
1000  1000  1000  
1000  1000  1000  
1000  1000  1000  
1000  1000  1000  
1000  1000  1000  
1000  1000  1000  
1000  1000  1000  
1000  1000  1000  
1000  1000  1000  
1000  1000  1000  
1000  1000  1000  
1000  1000  1000  
1000  1000  1000  
1000  1000  1000  
1000  1000  1000  
1000  1000  1000  
1000  1000  1000  
1000  1000  1000  
1000  1000  1000  
1000  1000  1000  
1000  1000  1000  
1000  1000  1000  
1000  1000  1000  
1000  1000  1000  
1000  1000  1000  
1000  1000  1000  
1000  1000  1000  
1000  1000  1000  
1000  1000  1000  
1000  1000  1000  
1000  1000  1000  
1000  1000  1000  
1000  1000  1000  
1000  1000  1000  
1000  1000  1000  
1000  1000  1000  
1000  1000  1000  
1000  1000  1000  
1000  1000  1000  
1000  1000  1000  
1000  1000  1000  
1000  1000  1000  
1000  1000  1000  
1000  1000  1000  
1000  1000  1000  
1000  1000  1000  
1000  1000  1000  
1000  1000  1000  
1000  1000  1000  
1000  1000  1000  
1000  1000  1000  
1000  1000  1000  
1000  1000  1000  
1000  1000  1000  
1000  1000  1000  
1000  1000  1000  
1000  1000  1000  
1000  1000  1000  
1000  1000  1000  
1000  1000  1000  
1000  1000  1000  
1000  1000  1000  
1000  1000  1000  
1000  1000  1000  
1000  1000  1000  
1000  1000  1000  
1000  1000  1000  
1000  1000  1000  
1000  1000  1000  
1000  1000  1000  
1000  1000  1000  
1000  1000  1000  
1000  1000  1000  
1000  1000  1000  
1000  1000  1000  
1000  1000  1000  
1000  1000  1000  
1000  1000  1000  
1000  1000  1000  
1000  1000  1000  
1000  1000  1000  
1000  1000  1000  
1000  1000  1000  
1000  1000  1000  
1000  1000  1000  
1000  1000  1000  
1000  1000  1000  
1000  1000  1000  
1000  1000  1000  
1000  1000  1000  
1000  1000  1000  
1000  1000  1000  
1000  1000  1000  
1000  1000  1000  
1000  1000  1000  
1000  1000  1000  
1000  1000  1000  
1000  1000  1000  
1000  1000  1000  
1000  1000  1000  
1000  1000  1000  
1000  1000  1000  
1000  1000  1000  
1000  1000  1000  
1000  1000  1000  
1000  1000  1000  
1000  1000  1000  
1000  1000  1000  
1000  1000  1000  
1000  1000  1000  
1000  1000  1000  
1000  1000  1000  
1000  1000  1000  
1000  1000  1000  
1000  1000  1000  
1000  1000  1000  
1000  1000  1000  
1000  1000  1000  
1000  1000  1000  
1000  1000  1000  
1000  1000  1000  
1000  1000  1000  
1000  1000  1000  
1000  1000  1000  
1000  1000  1000  
1000  1000  1000  
1000  1000  1000  
1000  1000  1000  
1000  1000  1000  
1000  1000  1000  
1000  1000  1000  
1000  1000  1000  
1000  1000  1000  
1000  1000  1000  
1000  1000  1000  
1000  1000  1000  
1000  1000  1000  
1000  1000  1000  
1000  1000  1000  
1000  1000  1000  
1000  1000  1000  
1000  1000  1000  
1000  1000  1000  
1000  1000  1000  
1000  1000  1000  
1000  1000  1000  
1000  1000  1000  
1000  1000  1000  
1000  1000  1000  
1000  1000  1000  
1000  1000  1000  
1000  1000  1000  
1000  1000  1000  
1000  1000  1000  
1000  1000  1000  
1000  1000  1000  
1000  1000  1000  
1000  1000  1000  
1000  1000  1000  
1000  1000  1000  
1000  1000  1000  
1000  1000  1000  
1000  1000  1000  
1000  1000  1000  
1000  1000  1000  
1000  1000  1000  
1000  1000  1000  
1000  1000  1000  
1000  1000  1000  
1000  1000  1000  
1000  1000  1000  
1000  1000  1000  
1000  1000  1000  
1000  1000  1000  
1000  1000  1000  
1000  1000  1000  
1000  1000  1000  
1000  1000  1000  
1000  1000  1000  
1000  1000  1000  
1000  1000  1000  
1000  1000  1000  
1000  1000  1000  
1000  1000  1000  
1000  1000  1000  
1000  1000  1000  
1000  1000  1000  
1000  1000  1000  
1000  1000  1000  
1000  1000  1000  
1000  1000  1000  
1000  1000  1000  
1000  1000  1000  
1000  1000  1000  
1000  1000  1000  
1000  1000  1000  
1000  1000  1000  
1000  1000  1000  
1000  1000  1000  
1000  1000  1000  
1000  1000  1000  
1000  1000  1000  
1000  1000  1000  
1000  1000  1000  
1000  1000  1000  
1000  1000  1000  
1000  1000  1000  
1000  1000  1000  
1000  1000  1000  
1000  1000  1000  
1000  1000  1000  
1000  1000  1000  
1000  1000  1000  
1000  1000  1000  
1000  1000  1000  
1000  1000  1000  
1000  1000  1000  
1000  1000  1000  
1000  1000  1000  
1000  1000  1000  
1000  1000  1000  
1000  1000  1000  
1000  1000  1000  
1000  1000  1000  
1000  1000  1000  
1000  1000  1000  
1000  1000  1000  
1000  1000  1000  
1000  1000  1000  
1000  1000  1000  
1000  1000  1000  
1000  1000  1000  
1000  1000  1000  
1000  1000  1000  
1000  1000  1000  
1000  1000  1000  
1000  1000  1000  
1000  1000  1000  
1000  1000  1000  
1000  1000  1000  
1000  1000  1000  
1000  1000  1000  
1000  1000  1000  
1000  1000  1000  
1000  1000  1000  
1000  1000  1000  
1000  1000  1000  
1000  1000  1000  
1000  1000  1000  
1000  1000  1000  
1000  1000  1000  
1000  1000  1000  
1000  1000  1000  
1000  1000  1000  
1000  1000  1000  
1000  1000  1000  
1000  1000  1000  
1000  1000  1000  
1000  1000  1000  
1000  1000  1000  
1000  1000  1000  
1000  1000  1000  
1000  1000  1000  
1000  1000  1000  
1000  1000  1000  
1000  1000  1000  
1000  1000  1000  
1000  1000  1000  
1000  1000  1000  
1000  1000  1000  
1000  1000  1000  
1000  1000  1000  
1000  1000  1000  
1000  1000  1000  
1000  1000  1000  
1000  1000  1000  
1000  1000  1000  
1000  1000  1000  
1000  1000  1000  
1000  1000  1000  
1000  1000  1000  
1000  1000  1000  
1000  1000  1000  
1000  1000  1000  
1000  1000  1000  
1000  1000  1000  
1000  1000  1000  
1000  1000  1000  
1000  1000  1000  
1000  1000  1000  
1000  1000  1000  
1000  1000  1000  
1000  1000  1000  
1000  1000  1000  
1000  1000  1000  
1000  1000  1000  
1000  1000  1000  
1000  1000  1000  
1000  1000  1000  
1000  1000  1000  
1000  1000  1000  
1000  1000  1000  
1000  1000  1000  
1000  1000  1000  
1000  1000  1000  
1000  1000  1000  
1000  1000  1000  
1000  1000  1000  
1000  1000  1000  
1000  1000  1000  
1000  1000  1000  
1000  1000  1000  
1000  1000  1000  
1000  1000  1000  
1000  1000  1000  
1000  1000  1000  
1000  1000  1000  
1000  1000  1000  
1000  1000  1000  
1000  1000  1000  
1000  1000  1000  
1000  1000  1000  
1000  1000  1000  
1000  1000  1000  
1000  1000  1000  
1000  1000  1000  
1000  1000  1000  
1000  1000  1000  
1000  1000  1000  
1000  1000  1000  
1000  1000  1000  
1000  1000  1000  
1000  1000  1000  
1000  1000  1000  
1000  1000  1000  
1000  1000  1000  
1000  1000  1000  
1000  1000  1000  
1000  1000  1000  
1000  1000  1000  
1000  1000  1000  
1000  1000  1000  
1000  1000  1000  
1000  1000  1000  
1000  1000  1000  
1000  1000  1000  
1000  1000  1000  
1000  1000  1000  
1000  1000  1000  
1000  1000  1000  
1000  1000  1000  
1000  1000  1000  
1000  1000  1000  
1000  1000  1000  
1000  1000  1000  
1000  1000  1000  
1000  1000  1000  
1000  1000  1000  
1000  1000  1000  
1000  1000  1000  
1000  1000  1000  
1000  1000  1000  
1000  1000  1000  
1000  1000  1000  
1000  1000  1000  
1000  1000  1000  
1000  1000  1000  
1000  1000  1000  
1000  1000  1000  
1000  1000  1000  
1000  1000  1000  
1000  1000  1000  
1000  1000  1000  
1000  1000  1000  
1000  1000  1000  
1000  1000  1000  
1000  1000  1000  
1000  1000  1000  
1000  1000  1000  
1000  1000  1000  
1000  1000  1000  
1000  1000  1000  
1000  1000  1000  
1000  1000  1000  
1000  1000  1000  
1000  1000  1000  
1000  1000  1000  
1000  1000  1000  
1000  1000  1000  
1000  1000  1000  
1000  1000  1000  
1000  1000  1000  
1000  1000  1000  
1000  1000  1000  
1000  1000  1000  
1000  1000  1000  
1000  1000  1000  
1000  1000  1000  
1000  1000  1000  
1000  1000  1000  
1000  1000  1000  
1000  1000  1000  
1000  1000  1000  
1000  1000  1000  
1000  1000  1000  
1000  1000  1000  
1000  1000  1000  
1000  1000  1000  
1000  1000  1000  
1000  1000  1000  
1000  1000  1000  
1000  1000  1000  
1000  1000  1000  
1000  1000  1000  
1000  1000  1000  
1000  1000  1000  
1000  1000  1000  
1000  1000  1000  
1000  1000  1000  
1000  1000  1000  
1000  1000  1000  
1000  1000  1000  
1000  1000  1000  
1000  1000  1000  
1000  1000  1000  
1000  1000  1000  
1000  1000  1000  
1000  1000  1000  
1000  1000  1000  
1000  1000  1000  
1000  1000  1000  
1000  1000  1000  
1000  1000  1000  
1000  1000  1000  
1000  1000  1000  
1000  1000  1000  
1000  1000  1000  
1000  1000  1000  
1000  1000  1000  
1000  1000  1000  
1000  1000  1000  
1000  1000  1000  
1000  1000  1000  
1000  1000  1000  
1000  1000  1000  
1000  1000  1000  
1000  1000  1000  
1000  1000  1000  
1000  1000  1000  
1000  1000  1000  
1000  1000  1000  
1000  1000  1000  
1000  1000  1000  
1000  1000  1000  
1000  1000  1000  
1000  1000  1000  
1000  1000  1000  
1000  1000  1000  
1000  1000  1000  
1000  1000  1000  
1000  1000  1000  
1000  1000  1000  
1000  1000  1000  
1000  1000  1000  
1000  1000  1000  
1000  1000  1000  
1000  1000  1000  
1000  1000  1000  
1000  1000  1000  
1000  1000  1000  
1000  1000  1000  
1000  1000  1000  
1000  1000  1000  
1000  1000  1000  
1000  1000  1000  
1000  1000  1000  
1000  1000  1000  
1000  1000  1000  
1000  1000  1000  
1000  1000  1000  
1000  1000  1000  
1000  1000  1000  
1000  1000  1000  
1000  1000  1000  
1000  1000  1000  
1000  1000  1000  
1000  1000  1000  
1000  1000  1000  
1000  1000  1000  
1000  1000  1000  
1000  1000  1000  
1000  1000  1000  
1000  1000  1000  
1000  1000  1000  
1000  1000  1000  
1000  1000  1000  
1000  1000  1000  
1000  1000  1000  
1000  1000  1000  
1000  1000  1000  
1000  1000  1000  
1000  1000  1000  
1000  1000  1000  
1000  1000  1000  
1000  1000  1000  
1000  1000  1000  
1000  1000  1000  
1000  1000  1000  
1000  1000  1000  
1000  1000  1000  
1000  1000  1000  
1000  1000  1000  
1000  1000  1000  
1000  1000  1000  
1000  1000  1000  
1000  1000  1000  
1000  1000  1000  
1000  1000  1000  
1000  1000  1000  
1000  1000  1000  
1000  1000  1000  
1000  1000  1000  
1000  1000  1000  
1000  1000  1000  
1000  1000  1000  
1000  1000  1000  
1000  1000  1000  
1000  1000  1000  
1000  1000  1000  
1000  1000  1000  
1000  1000  1000  
1000  1000  1000  
1000  1000  1000  
1000  1000  1000  
1000  1000  1000  
1000  1000  1000  
1000  1000  1000  
1000  1000  1000  
1000  1000  1000  
1000  1000  1000  
1000  1000  1000  
1000  1000  1000  
1000  1000  1000  
1000  1000  1000  
1000  1000  1000  
1000  1000  1000  
1000  1000  1000  
1000  1000  1000  
1000  1000  1000  
1000  1000  1000  
1000  1000  1000  
1000  1000  1000  
1000  1000  1000  
1000  1000  1000  
1000  1000  1000  
1000  1000  1000  
1000  1000  1000  
1000  1000  1000  
1000  1000  1000  
1000  1000  1000  
1000  1000  1000  
1000  1000  1000  
1000  1000  1000  
1000  1000  1000  
1000  1000  1000  
1000  1000  1000  
1000  1000  1000  
1000  1000  1000  
1000  1000  1000  
1000  1000  1000  
1000  1000  1000  
1000  1000  1000  
1000  1000  1000  
1000  1000  1000  
1000  1000  1000  
1000  1000  1000  
1000  1000  1000  
1000  1000  1000  
1000  1000  1000  
1000  1000  1000  
1000  1000  1000  
1000  1000  1000  
1000  1000  1000  
1000  1000  1000  
1000  1000  1000  
1000  1000  1000  
1000  1000  1000  
1000  1000  1000  
1000  1000  1000  
1000  1000  1000  
1000  1000  1000  
1000  1000  1000  
1000  1000  1000  
1000  1000  1000  
1000  1000  1000  
1000  1000  1000  
1000  1000  1000  
1000  1000  1000  
1000  1000  1000  
1000  1000  1000  
1000  1000  1000  
1000  1000  1000  
1000  1000  1000  
1000  1000  1000  
1000  1000  1000  
1000  1000  1000  
1000  1000  1000  
1000  1000  1000  
1000  1000  1000  
1000  1000  1000  
1000  1000  1000  
1000  1000  1000  
1000  1000  1000  
